0.4544207453727722
0.4795432686805725
0.4556902050971985
0.43681076169013977
0.20516352355480194
0.1393318474292755
0.44229963421821594
0.40868237614631653
0.46003228425979614
0.4555768668651581
0.45151185989379883
0.46010205149650574
0.4541413187980652
0.45611152052879333
0.4705285131931305
0.4436798691749573
0.42833268642425537
0.42934972047805786
0.45096153020858765
0.439217209815979
0.43594029545783997
0.4161030650138855
0.45627814531326294
0.47055429220199585
0.4655187726020813
0.4626424014568329
0.4497816264629364
0.4474034905433655
0.4498102366924286
0.41370633244514465
0.45610615611076355
0.44940873980522156
0.4298693537712097
0.45876601338386536
0.42471009492874146
0.3856031000614166
0.4557807445526123
0.45216888189315796
0.45951414108276367
0.46729281544685364
0.4464055597782135
0.4273449182510376
0.46026870608329773
0.41439393162727356
0.4587864875793457
0.45549964904785156
0.44219261407852173
0.4432900547981262
0.4351041913032532
0.4350259602069855
0.4580041468143463
0.45030319690704346
0.444600373506546
0.450906902551651
0.4435698390007019
0.4408871531486511
0.4395315945148468
0.47109994292259216
0.45885565876960754
0.4234345555305481
0.430749773979187
0.36505600810050964
0.4494452476501465
0.38332822918891907
0.45415833592414856
0.4474957287311554
0.46054181456565857
0.4309048652648926
0.44183504581451416
0.4624982476234436
0.43619218468666077
0.46218621730804443
0.4369872808456421
0.45666706562042236
0.44786110520362854
0.4471977651119232
0.46423614025115967
0.4575517773628235
0.3524400293827057
0.4483770430088043
0.44025978446006775
0.42095690965652466
0.46175673604011536
0.4463399648666382
0.3854362964630127
0.4410870671272278
0.44233056902885437
0.44043204188346863
0.4588879346847534
0.4215966463088989
0.3452548086643219
0.4393237233161926
0.4433802366256714
0.4487738311290741
0.45602384209632874
0.31794506311416626
0.4584174156188965
0.4635585844516754
0.4199124574661255
0.4196016788482666
0.4643923044204712
0.4382530748844147
0.4274613857269287
0.2712637186050415
0.4714294373989105
0.44320255517959595
0.4566444456577301
0.47045400738716125
0.4458516240119934
0.44867730140686035
0.4474167227745056
0.45221176743507385
0.4248168170452118
0.44411253929138184
0.37290534377098083
0.46398216485977173
0.4687308669090271
0.43366268277168274
0.41602984070777893
0.46494656801223755
0.34198275208473206
0.46170878410339355
0.4613683223724365
0.4579314589500427
0.43958574533462524
0.42729485034942627
0.45378878712654114
0.46859049797058105
0.4547828435897827
0.4613043963909149
0.4213504195213318
0.4480871856212616
0.4417281150817871
0.46141162514686584
0.44642823934555054
0.47035646438598633
0.4422370493412018
0.4270417392253876
0.44257616996765137
0.45487478375434875
0.45260781049728394
0.40660667419433594
0.4636514484882355
0.32916438579559326
0.4541623294353485
0.45634937286376953
0.4531634747982025
0.46184656023979187
0.3295980989933014
0.4467543363571167
0.4623038172721863
0.4584529399871826
0.45049259066581726
0.45432308316230774
0.13728067278862
0.4576478898525238
0.27917712926864624
0.4424387514591217
0.45501112937927246
0.4736315608024597
0.4525746703147888
