0.474381685256958
0.4235953688621521
0.46112900972366333
0.43951302766799927
0.276967853307724
0.4259958863258362
0.411183625459671
0.43718329071998596
0.41006705164909363
0.4325631856918335
0.4033975899219513
0.42356374859809875
0.3844869136810303
0.38998839259147644
0.4264237582683563
0.4329010546207428
0.3569522500038147
0.4376268684864044
0.4316422641277313
0.4363912343978882
0.3995629847049713
0.43838515877723694
0.42489558458328247
0.44268155097961426
0.42748603224754333
0.41861388087272644
0.4387153685092926
0.4023555517196655
0.4304126501083374
0.2397003173828125
0.4407998025417328
0.4338721036911011
0.43949005007743835
0.4343613088130951
0.4383150339126587
0.41121426224708557
0.374941885471344
0.42917636036872864
0.4335596263408661
0.4359826445579529
0.42398402094841003
0.2507604658603668
0.4272303581237793
0.4336150884628296
0.4292016327381134
0.4474363327026367
0.41873830556869507
0.4465223252773285
0.4321821630001068
0.44517046213150024
0.3743579387664795
0.39835745096206665
0.43457475304603577
0.4402030408382416
0.43950170278549194
0.34215325117111206
0.430148720741272
0.4249710142612457
0.3768046200275421
0.4387457072734833
0.43798062205314636
0.259311705827713
0.4446262717247009
0.4272824823856354
0.4388639032840729
0.3502189517021179
0.42261552810668945
0.45477914810180664
0.43965885043144226
0.32383036613464355
0.4203539490699768
0.429974764585495
0.4623231291770935
0.4358552098274231
0.4298851788043976
0.4402034282684326
0.43197745084762573
0.4204830229282379
0.43571892380714417
0.4354272186756134
0.4272681176662445
0.3950115442276001
0.41616904735565186
0.41364866495132446
0.4410126805305481
0.4372166693210602
0.3685610294342041
0.35158392786979675
0.4183350205421448
0.471065491437912
0.45796528458595276
0.44056305289268494
0.4638282358646393
0.446321576833725
0.31233200430870056
0.4510045051574707
0.43251118063926697
0.3691513240337372
0.40113672614097595
0.4066235423088074
0.44057005643844604
0.4314603805541992
0.4441964328289032
0.22799718379974365
0.44100239872932434
0.43890440464019775
0.3936230540275574
0.43452781438827515
0.24749284982681274
0.4382491111755371
0.42665642499923706
0.42981454730033875
0.4415377974510193
0.4295855462551117
0.48018878698349
0.4398672878742218
0.43425247073173523
0.4051607847213745
0.4396449327468872
0.4634016454219818
0.45188993215560913
0.2927802801132202
0.3161514401435852
0.3882714509963989
0.4324497878551483
0.42933934926986694
0.4458809494972229
0.4417867660522461
0.44488027691841125
0.25148409605026245
0.44028353691101074
0.42405202984809875
0.416990727186203
0.4402875304222107
0.43637675046920776
0.43703439831733704
0.43742409348487854
0.38778507709503174
0.4068809449672699
0.42039772868156433
0.38489776849746704
0.44436466693878174
0.4315479099750519
0.2282060980796814
0.43221351504325867
0.46188318729400635
0.40737900137901306
0.43923434615135193
0.4473915100097656
0.442499577999115
0.4413084387779236
0.36975446343421936
0.4351635277271271
0.4147437810897827
0.38678768277168274
0.41503724455833435
0.46435827016830444
0.4010040760040283
0.43818342685699463
0.41383907198905945
0.4447695314884186
