0.3793531060218811
0.7781630158424377
0.49045369029045105
0.7183598279953003
0.6193562150001526
0.703907310962677
0.687741756439209
0.562628984451294
0.3738264739513397
0.688323974609375
0.32928919792175293
0.420169472694397
0.616380512714386
0.9699917435646057
0.6115447878837585
0.5662468671798706
0.5394115447998047
0.358925998210907
0.767615556716919
0.4263416826725006
0.8198027014732361
0.4906352162361145
0.523875892162323
0.6789708733558655
0.8637725114822388
0.8811925053596497
0.49385714530944824
0.8228378295898438
0.4780440628528595
0.2838130295276642
0.5632161498069763
0.44517990946769714
0.3989831209182739
0.7793925404548645
0.759273886680603
0.7209885716438293
0.4995630085468292
0.6548532247543335
0.9522184133529663
0.6807621121406555
0.44094470143318176
0.8329046964645386
0.5865797996520996
0.5344497561454773
0.4982271194458008
0.5312840342521667
0.47067102789878845
0.7932142615318298
0.6607630252838135
0.623087465763092
0.39766380190849304
0.5228297710418701
0.5045220851898193
0.6898409724235535
0.4744779169559479
0.7400481104850769
0.8918875455856323
0.804876446723938
0.44787660241127014
0.5867816209793091
0.4739716351032257
0.9374930262565613
0.43137234449386597
0.5302635431289673
0.5458250045776367
0.6684845089912415
0.2205173522233963
0.5752426385879517
0.34821081161499023
0.5550999641418457
0.6227000951766968
0.5661072134971619
0.7634887099266052
0.5842910408973694
0.8696215748786926
0.5847625732421875
0.49802160263061523
0.6786738038063049
0.7614534497261047
0.6736065149307251
0.6382189393043518
0.5631831288337708
0.7411730289459229
0.8229377865791321
0.5585776567459106
0.4451512396335602
0.737064778804779
0.4774782955646515
0.6308334469795227
0.7472026944160461
0.3687713146209717
0.4685298502445221
0.8771934509277344
0.6605510711669922
0.6816420555114746
0.38985031843185425
0.5611411333084106
0.6851139664649963
0.5697416663169861
0.6581241488456726
0.4938274919986725
0.5764457583427429
0.3350456655025482
0.7957348823547363
0.4745820462703705
0.37874770164489746
0.33951255679130554
0.3834267854690552
0.7831110954284668
0.8582031726837158
0.6016463041305542
0.3698098063468933
0.42198869585990906
0.7247499823570251
0.4341486990451813
0.4244145452976227
0.3668116331100464
0.4177943170070648
0.3245323896408081
0.4901980459690094
0.6412199139595032
0.8683379888534546
0.38495317101478577
0.5372398495674133
0.512653648853302
0.8053163290023804
0.3564997613430023
0.7510753870010376
0.6410694718360901
0.6666765809059143
0.4470059275627136
0.3828812539577484
0.7950955629348755
0.6367418169975281
0.8228117823600769
0.7087463140487671
0.38913872838020325
0.5876510739326477
0.5846753716468811
0.4394821226596832
0.8975011706352234
0.9403724074363708
0.3488041162490845
0.6274364590644836
0.45779964327812195
0.7854591608047485
0.5431665182113647
0.40590396523475647
0.7601342797279358
0.3075581192970276
0.43696078658103943
0.9406095147132874
0.6041585206985474
0.8000973463058472
0.5310108065605164
0.857390284538269
0.5123311877250671
0.42645418643951416
0.8393861651420593
0.9184023141860962
0.4904281198978424
